
EURUSD 
21 1.239
61.73 506.17
http://trade.raitis.co.uk/1/506.17/0/61.73/buy/EURUSD/0.1
23.3k 112/132 85% TP50 SL -410 	
3215.99, 1675.17, 1889.35, 2252.51, 3975.52, 1901.85, 1914.92, 1008.35, 1523.66, 1443.80, 2744.64
106.50,147.18,546.70,314.88,221.55,456.00,123.36,156.24,337.13,259.05,265.74,281.66,-98.04,177.11,43.03,409.32,440.78,-163.35,134.59,126.59,380.36,-33.23,302.01,-44.00,-71.78,39.83,133.44,52.61,219.47,122.65,-87.89,98.45,527.18,-46.67,600.00,302.05,-164.26,375.15,35.15,102.32,141.36,243.70,488.60,15.75,292.84,77.79,302.06,342.04,597.63,327.88,497.88,257.22,338.54,22.82,549.86,325.46,245.80,368.35,182.30,261.76,-19.30,233.75,157.77,7.41,219.14,29.00,18.68,540.63,-98.28,324.51,240.61,247.94,225.35,433.28,202.18,49.60,121.84,237.36,88.54,-19.16,134.64,293.81,57.81,89.66,41.64,120.59,158.55,77.81,61.56,36.74,199.43,111.16,-83.64,-18.03,9.55,293.00,192.74,57.17,394.22,81.53,-45.86,191.50,271.10,95.34,-39.75,190.80,20.28,114.58,-76.82,142.93,234.35,177.64,-99.49,197.20,-3.32,178.33,-64.86,206.85,282.97,268.03,437.20,133.81,222.26,284.86,149.93,314.91,168.56,71.64,262.21,349.26,350.00,0.00
-164.26,-163.35,-99.49,-98.28,-98.04,-87.89,-83.64,-76.82,-71.78,-64.86,-46.67,-45.86,-44.00,-39.75,-33.23,-19.30,-19.16,-18.03,-3.32,0.00,7.41,9.55,15.75,18.68,20.28,22.82,29.00,35.15,36.74,39.83,41.64,43.03,49.60,52.61,57.17,57.81,61.56,71.64,77.79,77.81,81.53,88.54,89.66,95.34,98.45,102.32,106.50,111.16,114.58,120.59,121.84,122.65,123.36,126.59,133.44,133.81,134.59,134.64,141.36,142.93,147.18,149.93,156.24,157.77,158.55,168.56,177.11,177.64,178.33,182.30,190.80,191.50,192.74,197.20,199.43,202.18,206.85,219.14,219.47,221.55,222.26,225.35,233.75,234.35,237.36,240.61,243.70,245.80,247.94,257.22,259.05,261.76,262.21,265.74,268.03,271.10,281.66,282.97,284.86,292.84,293.00,293.81,302.01,302.05,302.06,314.88,314.91,324.51,325.46,327.88,337.13,338.54,342.04,349.26,350.00,368.35,375.15,380.36,394.22,409.32,433.28,437.20,440.78,456.00,488.60,497.88,527.18,540.63,546.70,549.86,597.63,600.00

GBPUSD 
20 1.22 
83.95 654.32
http://trade.raitis.co.uk/1/654.32/0/83.95/buy/GBPUSD/0.1
35k  116/132  89% TP68 SL -530 
3942.11, 2412.12, 1306.65, 2971.07, 3133.96, 2541.31, 3614.10, 3320.12, 4865.85, 3078.98, 3382.53
289.12,325.47,671.92,338.82,-83.58,409.75,612.34,368.64,298.63,305.69,205.95,199.36,-7.76,310.73,169.46,457.77,29.22,405.05,406.46,53.90,543.54,-171.88,154.70,60.92,274.04,-32.34,83.11,90.99,45.21,119.63,67.94,62.21,371.42,-170.24,175.77,218.91,272.52,174.36,166.05,471.30,-135.41,107.94,296.63,-38.15,649.58,411.29,381.54,213.41,120.07,340.93,501.43,207.47,671.97,-103.36,541.97,197.47,61.03,-219.76,315.39,499.34,544.66,580.49,423.86,-70.92,154.98,-35.14,316.93,-311.58,499.74,-143.70,32.75,549.25,140.71,777.58,190.39,301.88,429.59,126.06,335.10,291.69,217.57,323.44,105.93,374.17,614.41,84.18,542.94,340.89,289.46,221.97,-37.55,274.92,226.51,138.10,397.10,227.19,212.81,707.89,306.12,418.90,524.22,617.74,400.12,-78.42,440.14,616.24,314.17,385.93,577.00,252.99,273.87,121.47,10.87,144.69,427.41,136.26,352.13,245.08,99.29,437.93,104.73,197.92,487.27,137.47,85.49,261.14,146.93,267.24,574.82,822.97,296.54,0.00
-311.58,-219.76,-171.88,-170.24,-143.70,-135.41,-103.36,-83.58,-78.42,-70.92,-38.15,-37.55,-35.14,-32.34,-7.76,0.00,10.87,29.22,32.75,45.21,53.90,60.92,61.03,62.21,67.94,83.11,84.18,85.49,90.99,99.29,104.73,105.93,107.94,119.63,120.07,121.47,126.06,136.26,137.47,138.10,140.71,144.69,146.93,154.70,154.98,166.05,169.46,174.36,175.77,190.39,197.47,197.92,199.36,205.95,207.47,212.81,213.41,217.57,218.91,221.97,226.51,227.19,245.08,252.99,261.14,267.24,272.52,273.87,274.04,274.92,289.12,289.46,291.69,296.54,296.63,298.63,301.88,305.69,306.12,310.73,314.17,315.39,316.93,323.44,325.47,335.10,338.82,340.89,340.93,352.13,368.64,371.42,374.17,381.54,385.93,397.10,400.12,405.05,406.46,409.75,411.29,418.90,423.86,427.41,429.59,437.93,440.14,457.77,471.30,487.27,499.34,499.74,501.43,524.22,541.97,542.94,543.54,544.66,549.25,574.82,577.00,580.49,612.34,614.41,616.24,617.74,649.58,671.92,671.97,707.89,777.58,822.97

GBPCHF 
21 1.239
64.37 586.21
http://trade.raitis.co.uk/1/586.21/0/64.37/buy/GBPCHF/0.1
27.6k 117/132 89% TP56 SL -510 
1610.10, 1680.14, 2019.47, 2113.55, 2192.43, 2231.33, 2326.94, 2438.99, 3337.76, 3499.06, 4185.71
395.39,104.23,241.26,25.58,55.07,320.95,302.68,-79.25,85.87,240.47,197.47,302.71,333.80,447.88,274.38,383.59,407.60,385.10,385.39,337.57,128.88,434.57,226.41,440.55,78.04,18.65,288.06,-33.99,-7.22,379.59,-165.30,494.02,479.96,-0.08,325.15,162.58,319.53,133.06,154.98,331.45,121.34,287.16,475.41,99.56,435.59,328.46,396.38,254.83,588.36,361.00,282.53,488.89,152.98,219.02,95.18,287.05,210.37,-102.83,409.78,506.73,303.29,231.72,317.90,118.03,223.25,-36.36,42.20,155.59,466.30,0.53,288.15,2.96,-23.75,324.05,188.74,200.11,255.38,87.61,51.83,-22.01,508.55,-173.13,186.97,95.79,509.19,183.87,235.69,295.40,9.95,-162.37,347.28,119.28,116.96,213.04,172.93,190.10,346.33,112.64,404.73,5.14,51.48,128.45,376.60,42.05,244.04,448.09,56.90,110.50,238.73,332.06,182.45,-101.35,-128.96,71.52,339.31,38.52,166.93,367.06,101.04,2.81,61.45,500.61,209.30,350.96,283.42,-13.80,49.54,107.07,196.86,541.47,152.11,0.00
-173.13,-165.30,-162.37,-128.96,-102.83,-101.35,-79.25,-36.36,-33.99,-23.75,-22.01,-13.80,-7.22,-0.08,0.00,0.53,2.81,2.96,5.14,9.95,18.65,25.58,38.52,42.05,42.20,49.54,51.48,51.83,55.07,56.90,61.45,71.52,78.04,85.87,87.61,95.18,95.79,99.56,101.04,104.23,107.07,110.50,112.64,116.96,118.03,119.28,121.34,128.45,128.88,133.06,152.11,152.98,154.98,155.59,162.58,166.93,172.93,182.45,183.87,186.97,188.74,190.10,196.86,197.47,200.11,209.30,210.37,213.04,219.02,223.25,226.41,231.72,235.69,238.73,240.47,241.26,244.04,254.83,255.38,274.38,282.53,283.42,287.05,287.16,288.06,288.15,295.40,302.68,302.71,303.29,317.90,319.53,320.95,324.05,325.15,328.46,331.45,332.06,333.80,337.57,339.31,346.33,347.28,350.96,361.00,367.06,376.60,379.59,383.59,385.10,385.39,395.39,396.38,404.73,407.60,409.78,434.57,435.59,440.55,447.88,448.09,466.30,475.41,479.96,488.89,494.02,500.61,506.73,508.55,509.19,541.47,588.36

GBPJPY 
22 1.22
106.67 1066.67
http://trade.raitis.co.uk/1/1066.6/0/106.6/buy/GBPJPY/0.1
30.1k 119/132 90% TP64 SL -640 
2153.29, 3400.77, 3054.53, 3688.90, 4118.92, 1737.48, 1638.80, 2296.95, 2840.87, 2394.36, 3674.86
203.43,4.66,193.11,320.84,-74.90,191.08,358.50,298.60,100.80,77.78,219.88,259.52,176.50,37.36,331.47,467.26,416.36,420.40,172.77,470.94,325.96,241.66,162.04,178.05,673.16,427.39,161.82,195.94,233.55,263.69,207.93,22.39,415.46,336.87,-1.59,117.93,488.25,333.17,344.04,466.98,196.45,292.42,186.66,406.83,289.29,262.65,374.09,48.05,384.57,330.00,195.35,211.84,255.67,316.62,960.00,439.67,252.09,313.17,84.31,375.62,166.23,390.71,218.67,68.31,-97.50,-20.10,152.48,105.64,196.17,2.73,27.02,527.12,-47.47,392.50,-109.96,342.70,406.55,177.65,138.03,211.15,-167.49,360.59,133.21,-198.65,179.30,30.93,236.56,274.73,322.60,29.37,-120.73,461.63,202.92,-8.25,331.52,356.37,17.64,342.77,400.05,155.40,318.13,129.93,244.55,18.50,299.01,315.47,57.63,541.78,160.70,317.82,181.69,198.09,-102.07,65.18,357.94,136.67,-75.24,460.39,140.48,552.71,233.09,184.60,95.84,338.56,389.71,267.22,261.52,180.61,681.46,658.24,384.00,0.00
-198.65,-167.49,-120.73,-109.96,-102.07,-97.50,-75.24,-74.90,-47.47,-20.10,-8.25,-1.59,0.00,2.73,4.66,17.64,18.50,22.39,27.02,29.37,30.93,37.36,48.05,57.63,65.18,68.31,77.78,84.31,95.84,100.80,105.64,117.93,129.93,133.21,136.67,138.03,140.48,152.48,155.40,160.70,161.82,162.04,166.23,172.77,176.50,177.65,178.05,179.30,180.61,181.69,184.60,186.66,191.08,193.11,195.35,195.94,196.17,196.45,198.09,202.92,203.43,207.93,211.15,211.84,218.67,219.88,233.09,233.55,236.56,241.66,244.55,252.09,255.67,259.52,261.52,262.65,263.69,267.22,274.73,289.29,292.42,298.60,299.01,313.17,315.47,316.62,317.82,318.13,320.84,322.60,325.96,330.00,331.47,331.52,333.17,336.87,338.56,342.70,342.77,344.04,356.37,357.94,358.50,360.59,374.09,375.62,384.00,384.57,389.71,390.71,392.50,400.05,406.55,406.83,415.46,416.36,420.40,427.39,439.67,460.39,461.63,466.98,467.26,470.94,488.25,527.12,541.78,552.71,658.24,673.16,681.46,960.00

GBPCAD 
21 1.239
86.67 966.67
http://trade.raitis.co.uk/1/966.67/0/86.67/buy/GBPCAD/0.1
30k 114/132 86% TP52 SL -580 
2363.30, 2108.38, 2261.92, 4089.50, 2954.66, 2960.74, 2603.10, 3461.12, 3007.84, 3614.85
-126.27,-110.53,47.94,327.04,152.64,189.54,-49.31,145.76,232.61,35.46,155.68,160.93,324.19,450.37,146.37,401.54,285.57,6.88,124.99,246.62,322.85,-39.81,-62.43,156.16,85.79,159.26,481.15,316.10,22.50,-152.58,522.21,115.20,224.96,19.68,-22.46,336.58,121.89,342.88,163.74,412.48,182.40,28.93,-198.14,-86.46,182.11,98.78,389.31,624.00,624.00,313.98,530.50,728.00,-34.34,467.33,697.28,-20.16,492.00,-189.57,180.35,300.13,232.29,522.05,143.84,-2.27,100.19,495.07,538.59,376.13,-101.95,91.39,131.14,428.19,125.12,110.98,236.93,189.44,321.38,673.63,287.14,115.04,205.02,486.69,-28.45,237.82,40.26,233.66,462.62,155.55,290.05,334.40,-61.60,341.57,254.21,60.38,112.16,379.84,385.63,505.92,510.40,142.75,213.28,277.60,336.54,279.49,94.75,-97.47,285.34,526.88,346.66,366.72,282.50,433.76,173.82,290.78,158.82,104.99,129.09,237.89,348.32,134.50,110.91,31.46,324.26,290.56,388.93,633.60,263.94,302.56,621.02,381.02,266.59,0.00
-198.14,-189.57,-152.58,-126.27,-110.53,-101.95,-97.47,-86.46,-62.43,-61.60,-49.31,-39.81,-34.34,-28.45,-22.46,-20.16,-2.27,0.00,6.88,19.68,22.50,28.93,31.46,35.46,40.26,47.94,60.38,85.79,91.39,94.75,98.78,100.19,104.99,110.91,110.98,112.16,115.04,115.20,121.89,124.99,125.12,129.09,131.14,134.50,142.75,143.84,145.76,146.37,152.64,155.55,155.68,156.16,158.82,159.26,160.93,163.74,173.82,180.35,182.11,182.40,189.44,189.54,205.02,213.28,224.96,232.29,232.61,233.66,236.93,237.82,237.89,246.62,254.21,263.94,266.59,277.60,279.49,282.50,285.34,285.57,287.14,290.05,290.56,290.78,300.13,302.56,313.98,316.10,321.38,322.85,324.19,324.26,327.04,334.40,336.54,336.58,341.57,342.88,346.66,348.32,366.72,376.13,379.84,381.02,385.63,388.93,389.31,401.54,412.48,428.19,433.76,450.37,462.62,467.33,481.15,486.69,492.00,495.07,505.92,510.40,522.05,522.21,526.88,530.50,538.59,621.02,624.00,624.00,633.60,673.63,697.28,728.00

USDCHF 
20 1.239
43.68 367.82
http://trade.raitis.co.uk/1/367.82/0/43.68/buy/USDCHF/0.1
21.3k 124/132 94% TP38 SL -320 
1445.73, 2683.04, 2150.63, 1649.15, 2836.20, 1887.50, 1154.71, 1586.41, 1830.97, 1727.82, 2431.34
76.51,116.80,283.40,131.86,60.59,272.05,-7.68,-72.63,156.59,151.05,230.17,47.01,67.26,338.17,97.15,327.04,257.76,217.54,154.01,309.03,294.54,164.58,152.85,303.11,313.97,220.26,143.80,150.52,219.21,75.55,73.87,103.30,277.75,37.84,313.40,221.18,36.48,128.93,12.41,156.25,163.50,158.33,350.23,-243.74,308.42,124.63,195.18,258.55,428.16,337.07,76.68,140.50,320.75,63.90,153.13,352.01,538.26,94.19,39.63,291.93,212.67,213.47,263.79,-23.09,168.04,27.16,289.64,221.58,91.17,149.72,76.50,196.85,158.71,-299.30,336.78,193.48,121.62,165.84,220.10,192.47,90.89,-56.74,190.09,-159.23,8.73,76.70,87.42,31.04,79.60,220.70,67.80,121.73,227.32,335.04,231.55,98.77,23.36,73.48,212.06,235.03,73.55,241.22,99.33,289.10,142.59,50.42,271.65,119.18,126.27,71.09,153.77,213.47,210.23,116.55,23.10,163.36,101.71,124.23,300.26,123.77,23.94,272.54,49.50,222.15,196.05,329.09,139.92,209.97,435.99,338.29,213.91,0.00
-299.30,-243.74,-159.23,-72.63,-56.74,-23.09,-7.68,0.00,8.73,12.41,23.10,23.36,23.94,27.16,31.04,36.48,37.84,39.63,47.01,49.50,50.42,60.59,63.90,67.26,67.80,71.09,73.48,73.55,73.87,75.55,76.50,76.51,76.68,76.70,79.60,87.42,90.89,91.17,94.19,97.15,98.77,99.33,101.71,103.30,116.55,116.80,119.18,121.62,121.73,123.77,124.23,124.63,126.27,128.93,131.86,139.92,140.50,142.59,143.80,149.72,150.52,151.05,152.85,153.13,153.77,154.01,156.25,156.59,158.33,158.71,163.36,163.50,164.58,165.84,168.04,190.09,192.47,193.48,195.18,196.05,196.85,209.97,210.23,212.06,212.67,213.47,213.47,213.91,217.54,219.21,220.10,220.26,220.70,221.18,221.58,222.15,227.32,230.17,231.55,235.03,241.22,257.76,258.55,263.79,271.65,272.05,272.54,277.75,283.40,289.10,289.64,291.93,294.54,300.26,303.11,308.42,309.03,313.40,313.97,320.75,327.04,329.09,335.04,336.78,337.07,338.17,338.29,350.23,352.01,428.16,435.99,538.26

http://trade.raitis.co.uk/2/506.17/0/61.73/dynamic/EURUSD/0.1
http://trade.raitis.co.uk/2/654.32/0/83.95/dynamic/GBPUSD/0.1
http://trade.raitis.co.uk/2/586.21/0/64.37/dynamic/GBPCHF/0.1
http://trade.raitis.co.uk/2/1066.6/0/106.6/dynamic/GBPJPY/0.1
http://trade.raitis.co.uk/2/966.67/0/86.67/dynamic/GBPCAD/0.1
http://trade.raitis.co.uk/2/367.82/0/43.68/dynamic/USDCHF/0.1


http://localhost:3000/GBPCHF/1D/2013/2023/2/11/100/2/0/0/0/multiple